1.193415323433190123e+00 7.986587700777119103e+00 3.566643215786685639e-01 8.947435038643273275e-01 7.011451277689543238e-01 2.175588766418911035e+01 -1.601788822986393579e-01
1.196848129725327059e+00 7.985693891485705187e+00 3.574504008090043095e-01 8.928346510639842970e-01 7.002519390475823169e-01 2.163286998469000721e+01 -1.605617852733161321e-01
1.200281945054307853e+00 7.984793371904866710e+00 3.582306157732400576e-01 8.909234304414626049e-01 6.993580449471237248e-01 2.151089456196627836e+01 -1.609438520498341629e-01
1.203716711013081087e+00 7.983886069860566259e+00 3.590080387481422441e-01 8.890074272168027036e-01 6.984634548997845638e-01 2.138995149849708710e+01 -1.613250014152035616e-01
1.207152368815855414e+00 7.982971920482682116e+00 3.597819891610100629e-01 8.870873420726302916e-01 6.975681786874915469e-01 2.127003101548842068e+01 -1.617052348753882929e-01
1.210588859983753984e+00 7.982050821738726931e+00 3.605521515476947658e-01 8.851636392025333810e-01 6.966722244697975963e-01 2.115112291539053402e+01 -1.620845452470780212e-01
1.214026125273335976e+00 7.981122681095424554e+00 3.613169757623372891e-01 8.832380151492965625e-01 6.957756010683965320e-01 2.103321734008118327e+01 -1.624629607795670949e-01
1.217464105460962509e+00 7.980187454904129396e+00 3.620776028768980526e-01 8.813078932731085446e-01 6.948783190067460147e-01 2.091630508697751623e+01 -1.628403953543809679e-01
1.220902741186069562e+00 7.979245100391580969e+00 3.628354047757205714e-01 8.793734730965983015e-01 6.939803889065129239e-01 2.080037742855668625e+01 -1.632168433609338665e-01
1.224341972939022138e+00 7.978295463773252827e+00 3.635879021492691154e-01 8.774367026757415866e-01 6.930818171652998183e-01 2.068542305014562288e+01 -1.635923234540687943e-01
1.227781740950383726e+00 7.977338465127124856e+00 3.643380012955260705e-01 8.754948986853957615e-01 6.921826129543897643e-01 2.057143370935369475e+01 -1.639667579864518832e-01
1.231221985375025696e+00 7.976374052834521500e+00 3.650833527338157025e-01 8.735500053817208954e-01 6.912827865820763140e-01 2.045840035527517387e+01 -1.643401826894212436e-01
1.234662645967365080e+00 7.975402230937537418e+00 3.658240446982898852e-01 8.716019908257675031e-01 6.903823505547832529e-01 2.034631432446645150e+01 -1.647125766552781090e-01
1.238103662743843758e+00 7.974422852516699578e+00 3.665607315368285546e-01 8.696500711284743668e-01 6.894813115414551996e-01 2.023516567030667090e+01 -1.650838949266582034e-01
1.241544975057443878e+00 7.973435859730405362e+00 3.672920006380540614e-01 8.676954022947690470e-01 6.885796795883770693e-01 2.012494646204518745e+01 -1.654541638923989200e-01
1.244986522529297535e+00 7.972441160039473118e+00 3.680214519058933043e-01 8.657366573278925115e-01 6.876774635101940980e-01 2.001564704629246449e+01 -1.658233185957241063e-01
1.248428244339059745e+00 7.971438675288626818e+00 3.687444003372479240e-01 8.637749125616566159e-01 6.867746726308923133e-01 1.990725843478579904e+01 -1.661913682010271454e-01
1.251870079577584782e+00 7.970428382263182954e+00 3.694647228541952932e-01 8.618085625918433523e-01 6.858713184428770759e-01 1.979977317407832160e+01 -1.665582601003953445e-01
1.255311967205703150e+00 7.969410216820641324e+00 3.701806883723927633e-01 8.598391412749759599e-01 6.849674108541765616e-01 1.969318256978706572e+01 -1.669240170940221035e-01
1.258753846316391201e+00 7.968383982029609847e+00 3.708927946998045733e-01 8.578663633824111789e-01 6.840629544958792829e-01 1.958747633291050150e+01 -1.672885999524353906e-01
1.262195655331925348e+00 7.967349815745107477e+00 3.715984620937661798e-01 8.558921301319467601e-01 6.831579673213387105e-01 1.948264941206008771e+01 -1.676520712218825537e-01
1.265637332772374668e+00 7.966307455051162556e+00 3.723008820606013569e-01 8.539131710697576150e-01 6.822524513754302244e-01 1.937869051093750272e+01 -1.680142944402026328e-01
1.269078817072759602e+00 7.965256952085071340e+00 3.729975305285643250e-01 8.519319283089011874e-01 6.813464211601172327e-01 1.927559315226056569e+01 -1.683753344199820923e-01
1.272520046505548397e+00 7.964198223707881219e+00 3.736909665908976774e-01 8.499469047063545890e-01 6.804398859203609762e-01 1.917334912543342540e+01 -1.687351290641032064e-01
1.275960959153369156e+00 7.963131105471916271e+00 3.743820407811165318e-01 8.479566400433713458e-01 6.795328515235191658e-01 1.907194896599071399e+01 -1.690936052237069498e-01
1.279401493030509540e+00 7.962055661417166696e+00 3.750656094866330892e-01 8.459661109881125851e-01 6.786253331003915257e-01 1.897138686479246772e+01 -1.694509092593526889e-01
1.282841585960080355e+00 7.960971739500338096e+00 3.757469860065250633e-01 8.439704531181301261e-01 6.777173370447434619e-01 1.887165336254625814e+01 -1.698068634135825039e-01
1.286281175697775447e+00 7.959879349857581943e+00 3.764210353193989111e-01 8.419734124644262518e-01 6.768088763249923145e-01 1.877274181848003920e+01 -1.701615695411211326e-01
1.289720199841073001e+00 7.958778383138720436e+00 3.770930064890101185e-01 8.399717747762965869e-01 6.758999590729928286e-01 1.867464457785818155e+01 -1.705149182978736577e-01
1.293158595863500793e+00 7.957668770596423968e+00 3.777580475539245586e-01 8.379685153791937013e-01 6.749905950724364168e-01 1.857735361245646999e+01 -1.708669744202162277e-01
1.296596301145125585e+00 7.956550441785218197e+00 3.784221678806735101e-01 8.359604955912258717e-01 6.740807940381851049e-01 1.848086085654226096e+01 -1.712176165922238147e-01
1.300033252915627324e+00 7.955423359203515510e+00 3.790788918801199503e-01 8.339508663531295385e-01 6.731705669896934641e-01 1.838515958733374589e+01 -1.715669299829080119e-01
1.303469388336463419e+00 7.954287467548110335e+00 3.797308991710110493e-01 8.319378354119575381e-01 6.722599243273438274e-01 1.829024274007069195e+01 -1.719148455164637990e-01
1.306904644431585272e+00 7.953142601439297188e+00 3.803801551956360050e-01 8.299212333484338178e-01 6.713488717761757485e-01 1.819610168820541318e+01 -1.722613292032722787e-01
1.310338958029242606e+00 7.951988909137882366e+00 3.810231900880270417e-01 8.279022595398622952e-01 6.704374281483332920e-01 1.810273191401789461e+01 -1.726064189044269614e-01
1.313772266056965066e+00 7.950826076948546373e+00 3.816625553713834940e-01 8.258797197806854173e-01 6.695255930504314668e-01 1.801012289506984132e+01 -1.729500327099763590e-01
1.317204505489404598e+00 7.949654320892882708e+00 3.822965482692369243e-01 8.238554361047270014e-01 6.686133881153497605e-01 1.791827094189673986e+01 -1.732922323404098019e-01
1.320635612655477464e+00 7.948473378105191500e+00 3.829270921887485413e-01 8.218276515458758924e-01 6.677008150149807975e-01 1.782716694827940529e+01 -1.736329325410322921e-01
1.324065524100681568e+00 7.947283307536927133e+00 3.835527030730007669e-01 8.197969974089421852e-01 6.667878889472951265e-01 1.773680508259400312e+01 -1.739721385875850623e-01
1.327494176243550816e+00 7.946083821007066561e+00 3.841720050555235133e-01 8.177647461502961512e-01 6.658746104040368374e-01 1.764717601803371849e+01 -1.743098563566350956e-01
1.330921505607312483e+00 7.944875200091545686e+00 3.847894389661578596e-01 8.157268315782540968e-01 6.649610039031715880e-01 1.755827714107329740e+01 -1.746459697036112091e-01
1.334347448322037444e+00 7.943657127101978688e+00 3.853989400425049117e-01 8.136893161935753183e-01 6.640470687732232813e-01 1.747009815038743596e+01 -1.749806205957440131e-01
1.337771940722635167e+00 7.942429755269199809e+00 3.860046167977024822e-01 8.116484480951187130e-01 6.631328240778374683e-01 1.738263560878079161e+01 -1.753137018435299566e-01
1.341194918880182607e+00 7.941192842250744732e+00 3.866065345885562610e-01 8.096037626312976299e-01 6.622182723643930125e-01 1.729588022479037335e+01 -1.756451541031939512e-01
1.344616318841282743e+00 7.939946391651547586e+00 3.872024023193628706e-01 8.075575721464151036e-01 6.613034263605495067e-01 1.720982667072915362e+01 -1.759750457866870732e-01
1.348036076634939517e+00 7.938690431869662056e+00 3.877940933489275044e-01 8.055081666846525268e-01 6.603883000170401862e-01 1.712446939002895974e+01 -1.763033087403091392e-01
1.351454128102210994e+00 7.937424724522124997e+00 3.883815371468068989e-01 8.034564111699543654e-01 6.594728958078044379e-01 1.703979933261398827e+01 -1.766299261302878010e-01
1.354870409146527788e+00 7.936149443712604779e+00 3.889631538074905803e-01 8.014030734466393024e-01 6.585572338834239092e-01 1.695581362753579313e+01 -1.769549379867751404e-01
1.358284855574849903e+00 7.934864355283623993e+00 3.895400091224748840e-01 7.993462317955873919e-01 6.576413169234233136e-01 1.687250355750599340e+01 -1.772782399508407436e-01
1.361697403066777889e+00 7.933569535858008059e+00 3.901129290316496245e-01 7.972871966470725935e-01 6.567251608607724833e-01 1.678986454124965988e+01 -1.775998689658812857e-01
1.365107987447448989e+00 7.932264855184189223e+00 3.906801926929140412e-01 7.952255875610078073e-01 6.558087728188124466e-01 1.670788972398758077e+01 -1.779197895349613479e-01
1.368516544076470387e+00 7.930950278937457298e+00 3.912422201181203762e-01 7.931622211289610647e-01 6.548921640348052131e-01 1.662657322488808731e+01 -1.782380104766787265e-01
1.371923008887774298e+00 7.929625790220271142e+00 3.917991164839510487e-01 7.910966553503085974e-01 6.539753463444203385e-01 1.654590910272503024e+01 -1.785544954071645041e-01
1.375327317204131594e+00 7.928291255631835455e+00 3.923523220952444546e-01 7.890278994713422200e-01 6.530583267331814268e-01 1.646589095952877457e+01 -1.788691930846688094e-01
1.378729404569373429e+00 7.926946762480234554e+00 3.928989261422025092e-01 7.869581313345485052e-01 6.521411217046071407e-01 1.638651442345277687e+01 -1.791821687906877958e-01
1.382129206428735824e+00 7.925592098173392053e+00 3.934425812219757845e-01 7.848846353486098604e-01 6.512237346226319445e-01 1.630777210898606810e+01 -1.794933024623878437e-01
1.385526658259081723e+00 7.924227377126938698e+00 3.939813181212231119e-01 7.828086157937244050e-01 6.503061832081866722e-01 1.622965948499483346e+01 -1.798026186047680663e-01
1.388921695665257028e+00 7.922852395922381774e+00 3.945130414493909776e-01 7.807325917685267180e-01 6.493884711574808843e-01 1.615216944255733011e+01 -1.801101758949002762e-01
1.392314253619383546e+00 7.921467194303154713e+00 3.950409848573538385e-01 7.786530740072189483e-01 6.484706129410007236e-01 1.607529741777782561e+01 -1.804158461499413835e-01
1.395704267878165705e+00 7.920071789718113209e+00 3.955637630998769527e-01 7.765722029789978720e-01 6.475526219967235875e-01 1.599903890086471137e+01 -1.807196964468300859e-01
1.399091673552705695e+00 7.918665976146913366e+00 3.960807790518166560e-01 7.744892963581744283e-01 6.466345018598119720e-01 1.592338579973989887e+01 -1.810216542105383963e-01
1.402476406124238073e+00 7.917249856256653118e+00 3.965960223496284853e-01 7.724029191591709198e-01 6.457162697969854870e-01 1.584833536006756738e+01 -1.813216852160546844e-01
1.405858400710268796e+00 7.915823302364760394e+00 3.971020178996612637e-01 7.703171573828546670e-01 6.447979327082211665e-01 1.577388027332601439e+01 -1.816198850122325570e-01
1.409237592679820850e+00 7.914386405886944864e+00 3.976058244894957183e-01 7.682268125318778562e-01 6.438795073930605461e-01 1.570001759308144074e+01 -1.819160848851906764e-01
1.412613917611837300e+00 7.912938844428258456e+00 3.981018594658028986e-01 7.661373519509281360e-01 6.429609921388996785e-01 1.562673805420409856e+01 -1.822104125729728519e-01
1.415987310402262667e+00 7.911480820946992232e+00 3.985957666586899539e-01 7.640440197473754580e-01 6.420424083712055197e-01 1.555404011131909314e+01 -1.825027255791524528e-01
1.419357706595772761e+00 7.910012258955084086e+00 3.990813644018587070e-01 7.619506128259255773e-01 6.411237656531719731e-01 1.548191775608975895e+01 -1.827931267744927202e-01
1.422725041381705857e+00 7.908532996570587947e+00 3.995649892047862806e-01 7.598543259231603786e-01 6.402050691197140875e-01 1.541036449972344613e+01 -1.830814859151910223e-01
1.426089250228076866e+00 7.907043057036507783e+00 4.000418678868308819e-01 7.577563252049079878e-01 6.392863324821930204e-01 1.533937614376640113e+01 -1.833678352619872165e-01
1.429450268017765202e+00 7.905542496516980933e+00 4.005148910701109566e-01 7.556556550509567760e-01 6.383675708874860799e-01 1.526894874051148143e+01 -1.836521316710844343e-01
1.432808030793957021e+00 7.904031137575231902e+00 4.009816080575747121e-01 7.535546490826409149e-01 6.374487888390789614e-01 1.519907555603860416e+01 -1.839344217890356570e-01
1.436162473793804573e+00 7.902509042448111032e+00 4.014428200101442523e-01 7.514533584884229844e-01 6.365300017933929189e-01 1.512975306570198875e+01 -1.842147055362107766e-01
1.439513531957772319e+00 7.900976152063223346e+00 4.019006182543356509e-01 7.493480810758369470e-01 6.356112196289230853e-01 1.506097620433683737e+01 -1.844928290593582931e-01
1.442861140920207674e+00 7.899432272624166806e+00 4.023513164005064757e-01 7.472432995278038836e-01 6.346924459859565326e-01 1.499273845987973885e+01 -1.847689204644607786e-01
1.446205236178207620e+00 7.897877565855921489e+00 4.027986771549175726e-01 7.451359499565676225e-01 6.337737008521318050e-01 1.492503736628775535e+01 -1.850428736476853742e-01
1.449545753159452444e+00 7.896311925552467414e+00 4.032411387332170416e-01 7.430270680667789840e-01 6.328549918565476995e-01 1.485786699495210605e+01 -1.853146912328415274e-01
1.452882627431558271e+00 7.894735307458051743e+00 4.036781481146237138e-01 7.409167824436588834e-01 6.319363295416686732e-01 1.479122312284312102e+01 -1.855843703153348123e-01
1.456215794275218745e+00 7.893147712840490549e+00 4.041086875509662946e-01 7.388049504263528577e-01 6.310177264283532983e-01 1.472510109051843763e+01 -1.858518819356451690e-01
1.459545190012402127e+00 7.891549065816232833e+00 4.045353113268703171e-01 7.366928334329494454e-01 6.300991914915139436e-01 1.465949615172291942e+01 -1.861172570406771087e-01
1.462870749688052419e+00 7.889939336300060724e+00 4.049558786303730784e-01 7.345796121443655124e-01 6.291807358838895636e-01 1.459440438329115608e+01 -1.863804596821918291e-01
1.466192408971489725e+00 7.888318511053546089e+00 4.053710448371835584e-01 7.324645911241960405e-01 6.282623712422384932e-01 1.452982038836234580e+01 -1.866414235653152676e-01
1.469510103890441899e+00 7.886686519333101053e+00 4.057813132522418709e-01 7.303489718242142104e-01 6.273441069946351645e-01 1.446573991769847467e+01 -1.869001848167194668e-01
1.472823770278967492e+00 7.885043383031431929e+00 4.061861214940988840e-01 7.282312484161574950e-01 6.264259564349633491e-01 1.440215942182351583e+01 -1.871566807253186304e-01
1.476133343822298327e+00 7.883388988964662225e+00 4.065882912504131252e-01 7.261125271205259857e-01 6.255079266229545132e-01 1.433907312328985739e+01 -1.874109137861677821e-01
1.479438760548867915e+00 7.881723366684453502e+00 4.069820398066429923e-01 7.239935758168197788e-01 6.245900314877804727e-01 1.427647779043477172e+01 -1.876629116888909876e-01
1.482739956585239050e+00 7.880046459104346646e+00 4.073723547045258742e-01 7.218735615348644830e-01 6.236722805533073677e-01 1.421436882237579624e+01 -1.879126213459216543e-01
1.486036867724992661e+00 7.878358297015362055e+00 4.077571040019589699e-01 7.197518750824194456e-01 6.227546877719389862e-01 1.415274276270043963e+01 -1.881600109189769110e-01
1.489329430489391815e+00 7.876658833898297907e+00 4.081369256333756690e-01 7.176297282609289674e-01 6.218372632594721949e-01 1.409159486108334214e+01 -1.884050990722037633e-01
1.492617580815772893e+00 7.874947890696375907e+00 4.085111037550346880e-01 7.155063524498905814e-01 6.209200107638011001e-01 1.403091969074702128e+01 -1.886478284899882618e-01
1.495901255540027064e+00 7.873225618100390122e+00 4.088795810073566073e-01 7.133834151977601623e-01 6.200029497279716528e-01 1.397071518834768433e+01 -1.888882702089447752e-01
1.499180390447382605e+00 7.871491937588525722e+00 4.092454749267894210e-01 7.112579690906806196e-01 6.190860887921315614e-01 1.391097653117581068e+01 -1.891262808988459776e-01
1.502454922163464213e+00 7.869746876475766761e+00 4.096041133982393223e-01 7.091321037961297868e-01 6.181694416555613136e-01 1.385170052479369751e+01 -1.893619366200141596e-01
1.505724787824899602e+00 7.867990219466893365e+00 4.099567978268395252e-01 7.070073294566469047e-01 6.172530097741680821e-01 1.379288047540995876e+01 -1.895952417049289462e-01
1.508989923567122915e+00 7.866222141676080248e+00 4.103045876263367586e-01 7.048809613398558938e-01 6.163368141919792764e-01 1.373451583312970214e+01 -1.898261259747615615e-01
1.512250266020209066e+00 7.864442479558026555e+00 4.106497709857492295e-01 7.027519537866111499e-01 6.154208590602092688e-01 1.367660059650743953e+01 -1.900544991211554346e-01
1.515505753245223852e+00 7.862651283072648489e+00 4.109857788685069013e-01 7.006264083476678728e-01 6.145051589529645364e-01 1.361913149064829653e+01 -1.902805914849002300e-01
1.518756320655888725e+00 7.860848474698049593e+00 4.113200508031337188e-01 6.984968666772366497e-01 6.135897223149645585e-01 1.356210438429429388e+01 -1.905040876595355814e-01
1.522001907092391804e+00 7.859034097066385449e+00 4.116468981203100230e-01 6.963691943659966466e-01 6.126745632425597554e-01 1.350551620053793123e+01 -1.907252146729769837e-01
1.525242448390558891e+00 7.857208152650172472e+00 4.119691727703885253e-01 6.942404924432706848e-01 6.117596940802421113e-01 1.344936334807962375e+01 -1.909438391696763326e-01
1.528477882114451125e+00 7.855370486760647530e+00 4.122874019969884340e-01 6.921098794345847960e-01 6.108451192762960336e-01 1.339364068473129876e+01 -1.911598915246342512e-01
1.531708146780702773e+00 7.853521167540023384e+00 4.125976334393580136e-01 6.899820094747599608e-01 6.099308541741941259e-01 1.333834609191512222e+01 -1.913735705626776751e-01
1.534933178916031427e+00 7.851660118608305261e+00 4.129045932039134281e-01 6.878515667701619041e-01 6.090169070553241859e-01 1.328347493472658769e+01 -1.915846261463751699e-01
1.538152916668124259e+00 7.849787285760379874e+00 4.132070748128346405e-01 6.857207290641328390e-01 6.081032872333563821e-01 1.322902283694732617e+01 -1.917931157025817845e-01
1.541367297514064427e+00 7.847902817375572937e+00 4.135039574386421002e-01 6.835899973307155708e-01 6.071900140149238956e-01 1.317498862150396199e+01 -1.919990795842613784e-01
1.544576260092729525e+00 7.846006577446368979e+00 4.137941263530506841e-01 6.814601532231684411e-01 6.062770926169115393e-01 1.312136776001485572e+01 -1.922025257450971636e-01
1.547779742834474392e+00 7.844098524067526945e+00 4.140806283236627139e-01 6.793303177719979269e-01 6.053645328058688824e-01 1.306815601648248304e+01 -1.924033869367636207e-01
1.550977683128972773e+00 7.842178751481943877e+00 4.143625679501274917e-01 6.771992871904265465e-01 6.044523512349498917e-01 1.301535093465618864e+01 -1.926016062394342865e-01
1.554170019552433502e+00 7.840247096281135697e+00 4.146383289724988597e-01 6.750683754274310333e-01 6.035405515543290633e-01 1.296294800888733256e+01 -1.927972147970674344e-01
1.557356691269717208e+00 7.838303596583980237e+00 4.149103107584546923e-01 6.729382233077781938e-01 6.026291474707540230e-01 1.291094472438797069e+01 -1.929902390775138921e-01
1.560537636481443835e+00 7.836348261127510817e+00 4.151754148148785184e-01 6.708075644702121698e-01 6.017181512254878850e-01 1.285933729724933983e+01 -1.931805956286474502e-01
1.563694695832976267e+00 7.834392267745377225e+00 4.154343560740602070e-01 6.686898129486599229e-01 6.008127644476966012e-01 1.280841303078603488e+01 -1.933672556394187558e-01
1.566704941814776930e+00 7.832512774169136271e+00 4.156765314445010073e-01 6.666668888650947311e-01 5.999483213159405581e-01 1.276012931900743297e+01 -1.935430801557613545e-01
1.569708639161653485e+00 7.830622841871715423e+00 4.159155407183670050e-01 6.646442163275656512e-01 5.990846013476279763e-01 1.271221316919441868e+01 -1.937163683373687439e-01
1.572705698500972860e+00 7.828722268973134391e+00 4.161476989312581365e-01 6.626238648021333111e-01 5.982216140957899997e-01 1.266466084657193392e+01 -1.938871638356421678e-01
1.575696044541460950e+00 7.826810914278315323e+00 4.163745400481491665e-01 6.606046430397987113e-01 5.973593685107458917e-01 1.261746965482606164e+01 -1.940554024931507304e-01
1.578679609503913728e+00 7.824888793233860440e+00 4.165983893188540677e-01 6.585848780826590865e-01 5.964978798095810220e-01 1.257063726360676448e+01 -1.942209932088271862e-01
1.581656329744298706e+00 7.822955618834745550e+00 4.168153848974940345e-01 6.565678948518678393e-01 5.956371462471945488e-01 1.252415936517596329e+01 -1.943840534274712262e-01
1.584626145380909179e+00 7.821011546704055739e+00 4.170292957331436789e-01 6.545513285281766569e-01 5.947771881290189189e-01 1.247803493946686082e+01 -1.945444838032153456e-01
1.587588998448614896e+00 7.819056310747149574e+00 4.172362562064280689e-01 6.525366909757271960e-01 5.939180035979707561e-01 1.243225923046320602e+01 -1.947023131208736879e-01
1.590544833382985690e+00 7.817089982924729341e+00 4.174401082360345017e-01 6.505222289973264793e-01 5.930596073848641847e-01 1.238683064988475557e+01 -1.948574670882299020e-01
1.593493596340950003e+00 7.815112434165077282e+00 4.176372725053736912e-01 6.485101408336760853e-01 5.922020036341185678e-01 1.234174530224416166e+01 -1.950100113677419311e-01
1.596435234505396705e+00 7.813123556493096089e+00 4.178306195802283796e-01 6.464984022080459969e-01 5.913451968512513091e-01 1.229700030337551730e+01 -1.951598507790522907e-01
1.599369696480249070e+00 7.811123372499242379e+00 4.180190170547515294e-01 6.444882950896893004e-01 5.904891984560263207e-01 1.225259307483880278e+01 -1.953070262595031914e-01
1.602296932295641518e+00 7.809111804254715850e+00 4.182026030526442839e-01 6.424799445904020301e-01 5.896340140982161415e-01 1.220852053459829278e+01 -1.954515290580144116e-01
1.605216892247141036e+00 7.807088859032109696e+00 4.183823575543147433e-01 6.404726165655116876e-01 5.887796536617684318e-01 1.216478015751272856e+01 -1.955933149448421948e-01
1.608129527986039475e+00 7.805054432568503842e+00 4.185545589581596837e-01 6.384672872289046675e-01 5.879261209792647769e-01 1.212136864392659596e+01 -1.957324108527364048e-01
1.611034791717339321e+00 7.803008442549661972e+00 4.187243358931952431e-01 6.364627070572400624e-01 5.870734208453725067e-01 1.207828322194922777e+01 -1.958687552038785584e-01
1.613932636397534148e+00 7.800951043871611645e+00 4.188865212099812108e-01 6.344608092574633984e-01 5.862215703527857702e-01 1.203552208579295346e+01 -1.960024231942385786e-01
1.616823015828419807e+00 7.798881989320815222e+00 4.190457751369800476e-01 6.324591689549244888e-01 5.853705651667787668e-01 1.199308127424847292e+01 -1.961332900789321820e-01
1.619705884218882952e+00 7.796801346723790438e+00 4.192001821257566041e-01 6.304594693823155627e-01 5.845204174927364216e-01 1.195095835063356482e+01 -1.962614143896392327e-01
1.622581196296209338e+00 7.794709007574034842e+00 4.193495522325592084e-01 6.284617268182638439e-01 5.836711300553529824e-01 1.190914998524148949e+01 -1.963867790437446581e-01
1.625448907760222994e+00 7.792605151580596079e+00 4.194950975710192709e-01 6.264648327855286691e-01 5.828227207558724920e-01 1.186765550029716110e+01 -1.965093495350802300e-01
1.628308974354810701e+00 7.790489457744453006e+00 4.196338400365713928e-01 6.244709489386088830e-01 5.819751806013861994e-01 1.182646982861807672e+01 -1.966291876527197779e-01
1.631161352466943937e+00 7.788362121563882745e+00 4.197682293913918006e-01 6.224779255647215903e-01 5.811285282139565522e-01 1.178559199291265713e+01 -1.967461995261345631e-01
1.634005998884344502e+00 7.786223008886602237e+00 4.198991473069210167e-01 6.204862611775966430e-01 5.802827642882243397e-01 1.174501864315017663e+01 -1.968603919676739089e-01
1.636842871135143040e+00 7.784072120297763853e+00 4.200243275443447666e-01 6.184970586610762933e-01 5.794378967997221297e-01 1.170474692432761721e+01 -1.969717949861714557e-01
1.639671927158622422e+00 7.781909555702993586e+00 4.201439848051619630e-01 6.165100533184901810e-01 5.785939388598377864e-01 1.166477561601319302e+01 -1.970804079753303850e-01
1.642493124569463836e+00 7.779735043016871465e+00 4.202604118872032557e-01 6.145239402853330812e-01 5.777508834064569720e-01 1.162510023369464385e+01 -1.971861392499521526e-01
1.645306422412482039e+00 7.777548718560737484e+00 4.203715776521314007e-01 6.125404918330358273e-01 5.769087454203787324e-01 1.158571936398019631e+01 -1.972890721581308238e-01
1.648111779663880228e+00 7.775350637125995057e+00 4.204778456884863402e-01 6.105583551243143337e-01 5.760675353347647354e-01 1.154663096613148454e+01 -1.973891363724031844e-01
1.650909155426020680e+00 7.773140644817165601e+00 4.205797023467735540e-01 6.085787668883727575e-01 5.752272521820316342e-01 1.150783189400233830e+01 -1.974863806299382574e-01
1.653698509693147800e+00 7.770918765330540268e+00 4.206778372512541830e-01 6.066002377922417033e-01 5.743879045246893522e-01 1.146931926021401438e+01 -1.975807066423038716e-01
1.656479802381702227e+00 7.768685020489475512e+00 4.207689304226309157e-01 6.046248195982609763e-01 5.735495008237361247e-01 1.143109167181589392e+01 -1.976722278639828634e-01
1.659252994144848836e+00 7.766439372908821248e+00 4.208565969212622604e-01 6.026516143639241152e-01 5.727120461381652872e-01 1.139314609892738517e+01 -1.977608779557221697e-01
1.662018045638954167e+00 7.764181905687118856e+00 4.209391214406068560e-01 6.006803044305675243e-01 5.718755522817922099e-01 1.135548100673399396e+01 -1.978466440366530854e-01
1.664774917969727097e+00 7.761912438309944484e+00 4.210171227817387507e-01 5.987107540547011997e-01 5.710400159291453281e-01 1.131809281801334954e+01 -1.979294989509523539e-01
1.667523572709178392e+00 7.759631082292335336e+00 4.210908141022772222e-01 5.967439682811485069e-01 5.702054505309971377e-01 1.128097991851958248e+01 -1.980094866331885972e-01
1.670263971744112119e+00 7.757337742381120727e+00 4.211600020415934842e-01 5.947788962313773631e-01 5.693718574417401257e-01 1.124413968783457562e+01 -1.980865511153282743e-01
1.672996076387985642e+00 7.755032541696190052e+00 4.212257451322731217e-01 5.928148728735566086e-01 5.685392503931381292e-01 1.120757047584031874e+01 -1.981606509129439364e-01
1.675719850190134474e+00 7.752715287461161786e+00 4.212846648775886993e-01 5.908547705031794717e-01 5.677076253775689141e-01 1.117126863963857808e+01 -1.982319045983741146e-01
1.678435256194081848e+00 7.750386141167694198e+00 4.213405910243426256e-01 5.888969604721389084e-01 5.668769979377520363e-01 1.113523356819090537e+01 -1.983002502224671115e-01
1.681142256624803100e+00 7.748045054712144442e+00 4.213911104364831406e-01 5.869417404356820356e-01 5.660473720280957410e-01 1.109946223180025981e+01 -1.983656758026106359e-01
1.683840814755526161e+00 7.745691958313247305e+00 4.214376406269841890e-01 5.849886420398251463e-01 5.652187503004801883e-01 1.106395261101079974e+01 -1.984281655149910673e-01
1.686530894433832417e+00 7.743326898049174289e+00 4.214794001489445829e-01 5.830372051981731474e-01 5.643911417177979173e-01 1.102870213315805259e+01 -1.984876697216021446e-01
1.689212460329376109e+00 7.740949949841534838e+00 4.215159045366141388e-01 5.810896429755764148e-01 5.635645569753268136e-01 1.099370983096206444e+01 -1.985443171034447507e-01
1.691885476199090022e+00 7.738560993875284844e+00 4.215501697254209756e-01 5.791435041183475851e-01 5.627389957465762649e-01 1.095897225118834406e+01 -1.985979544756955595e-01
1.694549906755356661e+00 7.736160074961464517e+00 4.215778971063884883e-01 5.772006741312216693e-01 5.619144665524886673e-01 1.092448783378779176e+01 -1.986486798697243428e-01
1.697205716622348870e+00 7.733747189530737920e+00 4.216026516568208149e-01 5.752593074546568097e-01 5.610909757613740112e-01 1.089025441929878291e+01 -1.986963917164538407e-01
1.699852871532974152e+00 7.731322320463848818e+00 4.216231056068533989e-01 5.733211934202441240e-01 5.602685281565999986e-01 1.085626997161235785e+01 -1.987411779017067281e-01
1.702491336776743580e+00 7.728885566169059196e+00 4.216377638994779353e-01 5.713864304381125470e-01 5.594471357494329444e-01 1.082253287087275417e+01 -1.987830364249576209e-01
1.705121078070351182e+00 7.726436831637855995e+00 4.216507227327628837e-01 5.694527791448003029e-01 5.586267990632991509e-01 1.078904037811475192e+01 -1.988218389710159906e-01
1.707742061712827164e+00 7.723976072870081921e+00 4.216564920469817457e-01 5.675230099078506507e-01 5.578075215471803849e-01 1.075579037730073395e+01 -1.988577244003388034e-01
1.710354253499600574e+00 7.721503410328218742e+00 4.216581901665627519e-01 5.655955594375455808e-01 5.569893160161777379e-01 1.072278186952677892e+01 -1.988906205645783465e-01
1.712957621045499534e+00 7.719018864142254799e+00 4.216572030455539299e-01 5.636715686741375908e-01 5.561721894230845509e-01 1.069001259552572058e+01 -1.989205699102958580e-01
1.715552130749571802e+00 7.716522327894831612e+00 4.216515049193285125e-01 5.617496078933366110e-01 5.553561415846900440e-01 1.065748011765996672e+01 -1.989474935377548437e-01
1.718137749850376927e+00 7.714013822823969413e+00 4.216417470606163009e-01 5.598304569008493159e-01 5.545411793948011869e-01 1.062518213463949657e+01 -1.989714120445259249e-01
1.720714446033306144e+00 7.711493449450153470e+00 4.216266870511096165e-01 5.579148461121471447e-01 5.537273143490681893e-01 1.059311797981219350e+01 -1.989923843256774239e-01
1.723282187156639056e+00 7.708961154268462401e+00 4.216086314293021053e-01 5.560016673083538752e-01 5.529145490268162488e-01 1.056128487473977984e+01 -1.990103282231710236e-01
1.725840941154749286e+00 7.706417003955712275e+00 4.215843700305603181e-01 5.540918384910938910e-01 5.521028928406790381e-01 1.052968189660833964e+01 -1.990253086303072072e-01
1.728390676653426272e+00 7.703860844906048833e+00 4.215585557784740089e-01 5.521844035400040873e-01 5.512923425021352131e-01 1.049830566432082612e+01 -1.990372454743761788e-01
1.730931362287863706e+00 7.701292921552844284e+00 4.215251584514267402e-01 5.502814830073624597e-01 5.504829177626882064e-01 1.046715592783022863e+01 -1.990462626240492305e-01
1.733462967116186970e+00 7.698713063712410154e+00 4.214910796254188741e-01 5.483801857289750670e-01 5.496746137546141275e-01 1.043622983883746969e+01 -1.990521962138938894e-01
1.735985459898412131e+00 7.696121278192532777e+00 4.214509189185479121e-01 5.464821498521980070e-01 5.488674366728242271e-01 1.040552530059348868e+01 -1.990551188943969207e-01
1.738498811073791783e+00 7.693517711811302284e+00 4.214077884688571807e-01 5.445876400561933117e-01 5.480614001992285544e-01 1.037504171351116433e+01 -1.990550600763369149e-01
1.741002989950315882e+00 7.690902307238934199e+00 4.213601306044985062e-01 5.426968521984922855e-01 5.472565063432154320e-01 1.034477707747585029e+01 -1.990520288115921743e-01
1.743497965874863720e+00 7.688275040570369256e+00 4.213085619282154193e-01 5.408073782287453612e-01 5.464527589992166368e-01 1.031472880130253422e+01 -1.990458687333343801e-01
1.745983711551681861e+00 7.685635974567369466e+00 4.212538035373472045e-01 5.389233439309712992e-01 5.456501668338998856e-01 1.028489568339146842e+01 -1.990368104904101099e-01
1.748460195552331120e+00 7.682985138893474009e+00 4.211929393977418279e-01 5.370417687416376706e-01 5.448487368213285054e-01 1.025527641365039067e+01 -1.990246990544718986e-01
1.750927389296623504e+00 7.680322493159716934e+00 4.211299917510039625e-01 5.351634033641712307e-01 5.440484716757248984e-01 1.022586885506290777e+01 -1.990095655965168076e-01
1.753385264556707179e+00 7.677648082278166086e+00 4.210631626552880924e-01 5.332879490978477133e-01 5.432493790385469756e-01 1.019667128538136325e+01 -1.989913850844365617e-01
1.755833792625378198e+00 7.674961866710482639e+00 4.209915261335124281e-01 5.314161753088416651e-01 5.424514615210251911e-01 1.016768167971185477e+01 -1.989701924849636705e-01
1.758272945454544267e+00 7.672263941187263292e+00 4.209165816492215217e-01 5.295479155825321138e-01 5.416547296000153722e-01 1.013889936452590490e+01 -1.989459968006757618e-01
1.760702695126395323e+00 7.669554326760382068e+00 4.208357032663251895e-01 5.276840350809798297e-01 5.408591894767886821e-01 1.011032224823007830e+01 -1.989188272726130913e-01
1.763123013817827323e+00 7.666832927506399997e+00 4.207544138987330817e-01 5.258219587555611474e-01 5.400648401759208239e-01 1.008194819715119905e+01 -1.988885382510481858e-01
1.765533874582704499e+00 7.664099884195112899e+00 4.206677119761470518e-01 5.239640777839157382e-01 5.392716949707621055e-01 1.005377616886642400e+01 -1.988552601888011473e-01
1.767935250283604542e+00 7.661355204557880327e+00 4.205765127076750431e-01 5.221097476548605121e-01 5.384797590094404507e-01 1.002580495611330669e+01 -1.988189695159458814e-01
1.770327114145286540e+00 7.658598830889157050e+00 4.204820637861070853e-01 5.202593471212908494e-01 5.376890334054926779e-01 9.998032250375581853e+00 -1.987796719517712085e-01
1.772709439843817014e+00 7.655830852541797960e+00 4.203838317878459407e-01 5.184120811850878585e-01 5.368995282320518925e-01 9.970457068785187005e+00 -1.987373299424077255e-01
1.775082200689682921e+00 7.653051184257320116e+00 4.202825958067998857e-01 5.165676836308209507e-01 5.361112428209635627e-01 9.943076790708646584e+00 -1.986919049979487817e-01
1.777445372493528408e+00 7.650259973564738303e+00 4.201766676859718386e-01 5.147289285106151357e-01 5.353241906198170641e-01 9.915891281195959195e+00 -1.986435820269024932e-01
1.779798928098988320e+00 7.647457241120960703e+00 4.200673720946579981e-01 5.128928484678204613e-01 5.345383774546175193e-01 9.888898738703057134e+00 -1.985921806690526259e-01
1.782142842243102931e+00 7.644642862754005286e+00 4.199557274832816378e-01 5.110598259442109548e-01 5.337538000289676621e-01 9.862096685168635801e+00 -1.985377092127893206e-01
1.784477090725670179e+00 7.641816961969921884e+00 4.198396152172712559e-01 5.092312252586765897e-01 5.329704702918672821e-01 9.835484395742149388e+00 -1.984802555505584265e-01
1.786801648452765567e+00 7.638979614163488030e+00 4.197183648834967307e-01 5.074072015372804723e-01 5.321883972200714963e-01 9.809060890185897108e+00 -1.984198365342197123e-01
1.789116490823104977e+00 7.636130734135624820e+00 4.195964080958229925e-01 5.055850235681682570e-01 5.314075797163775317e-01 9.782823809532301240e+00 -1.983562791219748989e-01
1.791421594548422425e+00 7.633270339666315074e+00 4.194682258663672836e-01 5.037691934121147908e-01 5.306280231249286272e-01 9.756771737844198711e+00 -1.982898445615731697e-01
1.793716934860082546e+00 7.630398576516876474e+00 4.193367012740417121e-01 5.019558070137285499e-01 5.298497406426169176e-01 9.730904043637480072e+00 -1.982203151948854492e-01
1.796002488688112075e+00 7.627515343393878489e+00 4.192034337396129962e-01 5.001464615899140487e-01 5.290727300013963186e-01 9.705218679839429541e+00 -1.981477803914666325e-01
1.798278232713924396e+00 7.624620781378413703e+00 4.190658847224207895e-01 4.983408917553506234e-01 5.282970040708964143e-01 9.679714433104866345e+00 -1.980722132774497546e-01
1.800544143881356307e+00 7.621714826751619931e+00 4.189235597519462284e-01 4.965404306333841000e-01 5.275225628307039782e-01 9.654390223259024850e+00 -1.979937161147115876e-01
1.802800199716124263e+00 7.618797458005828638e+00 4.187797253053252566e-01 4.947425040092893189e-01 5.267494090497202297e-01 9.629243698123566730e+00 -1.979121109406392354e-01
1.805046377879210739e+00 7.615868803489402872e+00 4.186317488209400084e-01 4.929495077192663222e-01 5.259775543782491125e-01 9.604274474885576396e+00 -1.978275576721970908e-01
1.807282655379966130e+00 7.612928853126011752e+00 4.184810118240241406e-01 4.911593581594686508e-01 5.252070022270062255e-01 9.579481120692358687e+00 -1.977399353939580107e-01
1.809509012690688090e+00 7.609977706734225578e+00 4.183248991701832287e-01 4.893757932063868554e-01 5.244377625154954536e-01 9.554862108712011803e+00 -1.976494507314721649e-01
1.811725426382357451e+00 7.607015215949038733e+00 4.181672879997146985e-01 4.875944714689245396e-01 5.236698297948099157e-01 9.530415824644444811e+00 -1.975558611302163370e-01
1.813931875686631612e+00 7.604041541696167528e+00 4.180048539557489895e-01 4.858182146182337124e-01 5.229032178237661421e-01 9.506141247752720957e+00 -1.974593259661067413e-01
1.816128339549785586e+00 7.601056683636468136e+00 4.178421039447127727e-01 4.840449206355885159e-01 5.221379302642055187e-01 9.482037147116768594e+00 -1.973597268933908744e-01
1.818314797831533935e+00 7.598060582752545145e+00 4.176730935097540121e-01 4.822773528490246764e-01 5.213739669981779512e-01 9.458101728689737087e+00 -1.972572269073088469e-01
1.820491230032708074e+00 7.595053432528113824e+00 4.175026726677447120e-01 4.805130850498453010e-01 5.206113436467608713e-01 9.434334771311380763e+00 -1.971516935881999777e-01
1.822657616121550861e+00 7.592035148070552353e+00 4.173281917068660252e-01 4.787531525886109529e-01 5.198500584953162917e-01 9.410733900612033409e+00 -1.970431685684459755e-01
1.824813936454508845e+00 7.589005787952212145e+00 4.171519409681790913e-01 4.769978205622399381e-01 5.190901186791739841e-01 9.387298709046755008e+00 -1.969316954820959364e-01
1.826960171562495017e+00 7.585965371892638309e+00 4.169699237827044214e-01 4.752470727614292456e-01 5.183315288157583911e-01 9.364027390025089659e+00 -1.968172566491541431e-01
1.829096302290114329e+00 7.582913939274414261e+00 4.167855340514632356e-01 4.735010654530934504e-01 5.175742948938365506e-01 9.340919032241350450e+00 -1.966998737508952877e-01
1.831222309828345107e+00 7.579851438836999300e+00 4.165996239680268554e-01 4.717582176802296856e-01 5.168184166507638899e-01 9.317971858338990998e+00 -1.965794441126252901e-01
1.833338175496483702e+00 7.576778078478299427e+00 4.164098649356237081e-01 4.700201232425361697e-01 5.160639108751522430e-01 9.295185770756750898e+00 -1.964560806240415458e-01
1.835443881307535552e+00 7.573693736964680845e+00 4.162170097614437680e-01 4.682869980690143041e-01 5.153107730706190104e-01 9.272558717538764483e+00 -1.963297919751577636e-01
1.837539409327731743e+00 7.570598579150419560e+00 4.160209309755387719e-01 4.665585013441058693e-01 5.145590166582718616e-01 9.250089939418408846e+00 -1.962005550739266135e-01
1.839624741785532036e+00 7.567492442655596285e+00 4.158222480871375804e-01 4.648338968310948283e-01 5.138086345889631978e-01 9.227777716100083794e+00 -1.960683363797048329e-01
1.841699861125078330e+00 7.564375466046969088e+00 4.156218164268716264e-01 4.631135882494142320e-01 5.130596387208130604e-01 9.205621020325834181e+00 -1.959331523209351111e-01
1.843764750595070057e+00 7.561247704993021124e+00 4.154149833660841784e-01 4.613988112276974918e-01 5.123120356386405838e-01 9.183619006949989227e+00 -1.957950915031353156e-01
1.845819393492196037e+00 7.558109171102264767e+00 4.152085206892511815e-01 4.596878613202847186e-01 5.115658290372256944e-01 9.161770801968875944e+00 -1.956540631960313470e-01
1.847863773346662741e+00 7.554959876647696859e+00 4.149979769892179204e-01 4.579819446987519194e-01 5.108210226147930078e-01 9.140074484317992187e+00 -1.955101212650669218e-01
1.849897873669386295e+00 7.551799879886395672e+00 4.147830182576599523e-01 4.562813142246478493e-01 5.100776230937122957e-01 9.118529532548054206e+00 -1.953633033870639801e-01
1.851921678852940012e+00 7.548629199837387560e+00 4.145666569594383954e-01 4.545843391015755852e-01 5.093356343992496704e-01 9.097134750807782666e+00 -1.952135091092350450e-01
1.853935173318646434e+00 7.545447870563613435e+00 4.143470316027359490e-01 4.528930002286160050e-01 5.085950615000329744e-01 9.075888878453080011e+00 -1.950608626708233984e-01
1.855938341813130998e+00 7.542255904097156183e+00 4.141264250390293000e-01 4.512049831621979812e-01 5.078559079771000073e-01 9.054790666408628397e+00 -1.949052176397775005e-01
1.857931169545952388e+00 7.539053417449031791e+00 4.139009607028866777e-01 4.495227621096904436e-01 5.071181840419312081e-01 9.033839674720150370e+00 -1.947467479789961042e-01
1.859913641200987344e+00 7.535840336393423655e+00 4.136743173266165252e-01 4.478452085433214935e-01 5.063818877538946994e-01 9.013034255579874809e+00 -1.945853806492715554e-01
1.861885743085043066e+00 7.532616777321123003e+00 4.134443580404017493e-01 4.461718966577223888e-01 5.056470286042615836e-01 8.992373719444374913e+00 -1.944210945821193415e-01
1.863847461030703867e+00 7.529382694051218294e+00 4.132108896016238875e-01 4.445043132261996544e-01 5.049136066856512173e-01 8.971856530217792169e+00 -1.942539852908405917e-01
1.865798780886748665e+00 7.526138105307430770e+00 4.129751849113714179e-01 4.428410699237450010e-01 5.041816254398886477e-01 8.951481383069566533e+00 -1.940839601726294938e-01
1.867739689022516414e+00 7.522883246661842271e+00 4.127383813778571220e-01 4.411817702012216791e-01 5.034511030918854546e-01 8.931248826366516624e+00 -1.939110257518498193e-01
1.869670173614090158e+00 7.519617976417758420e+00 4.124969413125244011e-01 4.395295160791751199e-01 5.027220320474711235e-01 8.911156604866661723e+00 -1.937353735883398098e-01
1.871590220268148697e+00 7.516342330614777190e+00 4.122537202086409835e-01 4.378810060820986783e-01 5.019944175167440070e-01 8.891203434724953780e+00 -1.935567812885508332e-01
1.873499816955686237e+00 7.513056374949939276e+00 4.120073395138805772e-01 4.362378730771153124e-01 5.012682659573860500e-01 8.871388975442568992e+00 -1.933753823945022210e-01
1.875398950996500336e+00 7.509760195060649401e+00 4.117601813237201647e-01 4.345982717387494310e-01 5.005435852633888238e-01 8.851712232588598184e+00 -1.931910526933191263e-01
1.877287611820837254e+00 7.506453741658336121e+00 4.115080930070028065e-01 4.329657172835166268e-01 4.998203742949763884e-01 8.832171691367296518e+00 -1.930040261009458580e-01
1.879165785738534655e+00 7.503137138073697088e+00 4.112555582312654168e-01 4.313369342246339833e-01 4.990986432950427210e-01 8.812767196256109159e+00 -1.928141069556203457e-01
1.881033462600897987e+00 7.499810345624434049e+00 4.109994804598560703e-01 4.297137979320753143e-01 4.983783919857124878e-01 8.793496841769403716e+00 -1.926214041107057739e-01
1.882890631033103057e+00 7.496473448546983498e+00 4.107412017823787176e-01 4.280951812402495338e-01 4.976596278496963621e-01 8.774360284543661237e+00 -1.924258642204191294e-01
1.884737280563129946e+00 7.493126458041915683e+00 4.104803727068095931e-01 4.264825187110202753e-01 4.969423535441299666e-01 8.755356429454895562e+00 -1.922275893759463339e-01
1.886573399876473545e+00 7.489769467641393064e+00 4.102183785961455165e-01 4.248738814163176003e-01 4.962265772933010521e-01 8.736484592788636760e+00 -1.920264568207447897e-01
1.888398979557008195e+00 7.486402407550820648e+00 4.099522117685895362e-01 4.232712021517435197e-01 4.955122964683810749e-01 8.717742931057534506e+00 -1.918225871650499903e-01
1.890214009233610604e+00 7.483025391287090322e+00 4.096852248909593208e-01 4.216737755734671911e-01 4.947995202143655735e-01 8.699131268711083109e+00 -1.916159562470337308e-01
1.892018479481974325e+00 7.479638467277800018e+00 4.094144693153887182e-01 4.200811242006412538e-01 4.940882536791251223e-01 8.680648807271346357e+00 -1.914065418431888099e-01
1.893812380672929452e+00 7.476241645267190705e+00 4.091419539496336522e-01 4.184939220616568645e-01 4.933784993388848350e-01 8.662294350290187239e+00 -1.911943907645872465e-01
1.895595704552927474e+00 7.472834988908112486e+00 4.088688175144489789e-01 4.169110961281262684e-01 4.926702631336329352e-01 8.644067096907701142e+00 -1.909794374297907604e-01
1.897368441215939949e+00 7.469418494121606855e+00 4.085919149570746423e-01 4.153345857754052739e-01 4.919635462974445983e-01 8.625965944315359124e+00 -1.907618209035729651e-01
1.899130583501983383e+00 7.465992211575672499e+00 4.083121508287882451e-01 4.137628058774668882e-01 4.912583539102957086e-01 8.607989979344178977e+00 -1.905414380439156841e-01
1.900882122694334653e+00 7.462556200231260206e+00 4.080301086927313192e-01 4.121975402390157805e-01 4.905546914803938785e-01 8.590138549664809275e+00 -1.903184257243631661e-01
